A0 6 0 21
A2 9 12 33
A1 9 24 73
A6 70 3 96
A8 75 21 114
A9 90 24 119
A7 75 44 142
A3 12 130 157
B1 155 2 207
B0 150 57 287
B6 240 47 302
B3 220 82 347
C1 325 22 355
C2 342 13 389
C4 376 13 449
C5 392 57 460
C6 409 51 472
C3 359 113 507
D1 493 14 522
D0 460 62 571
D5 561 10 581
D6 577 4 661
D9 628 33 672
D3 527 145 720
B2 155 565 732
D2 510 222 778
C8 443 335 865
C0 308 557 870
D7 611 259 926
E0 887 39 957
E3 900 57 975
E8 950 25 986
F1 962 24 990
F5 990 0 1002
F0 960 42 1026
F4 989 37 1058
F7 994 64 1070
F6 992 78 1097
E9 955 142 1134
A4 30 1104 1145
C9 460 685 1209
E5 920 289 1249
C7 426 823 1264
B9 291 973 1384
B4 230 1154 1417
E1 890 527 1439
B5 240 1199 1450
D8 611 839 1470
E4 900 570 1477
E7 933 544 1517
E6 933 584 1576
A5 45 1531 1646
F2 977 669 1660
E2 900 760 1667
F8 999 668 1727
D4 544 1183 1750
B7 258 1492 1758
B8 275 1483 1848
F3 980 868 1861
F9 3000 0 3014
G0 3020 0 3071
G1 3300 0 3311
G2 3309 2 3319
G3 3400 0 3490
G4 3409 81 3890
G6 4000 0 4035
G5 4000 35 4064
G7 4200 0 4241
G8 4330 0 4343
G9 4400 0 4423
H0 4442 0 4498
H3 4492 6 4518
H1 4444 74 4537
H2 4489 48 4571
H4 4800 0 4874
H6 4819 55 4945
H7 4900 45 4959
H9 4928 31 4968
H8 4912 56 4979
H5 4801 178 5002
I0 5000 2 5082
I1 5080 2 5103
I2 5099 4 5120
I4 5140 0 5164
I3 5140 24 5188
I5 5140 48 5201
I8 5201 0 5213
I7 5200 13 5245
I9 5245 0 5365
I6 5140 225 5455
J0 8000 0 8040
J1 8009 31 8066
J2 8100 0 8113
J3 8139 0 8204
J4 8250 0 8260
J5 8260 0 8282
J6 8300 0 8314
J7 8420 0 8510
J8 8880 0 8955
J9 8999 0 9209
