A0 6 30 51
A2 9 52 73
A3 12 61 88
A4 30 68 109
A9 90 49 144
A1 9 105 154
A8 75 89 182
A6 70 132 225
A7 75 130 228
B2 155 103 270
B7 258 72 338
B5 240 138 389
C0 308 81 394
B6 240 144 399
C1 325 84 417
A5 45 382 497
B1 155 352 557
B4 230 367 630
C5 392 268 671
C6 409 272 693
C7 426 267 708
D5 561 147 718
B3 220 488 753
D1 493 330 838
C2 342 516 892
D8 611 321 952
C3 359 573 967
D9 628 329 968
B0 150 778 1008
D4 544 464 1031
E2 900 141 1048
E4 900 158 1065
F1 962 223 1189
E3 900 409 1327
E8 950 447 1408
D0 460 928 1437
F2 977 450 1441
C4 376 1015 1451
F3 980 461 1454
F5 990 474 1476
F7 994 482 1488
D2 510 938 1494
D3 527 937 1512
E1 890 612 1524
F0 960 634 1618
F6 992 626 1645
E0 887 738 1656
E5 920 726 1686
B8 275 1331 1696
C9 460 1176 1700
E7 933 747 1720
D7 611 1059 1726
E9 955 741 1733
F4 989 724 1745
C8 443 1282 1812
D6 577 1165 1822
E6 933 839 1831
F8 999 792 1851
B9 291 1450 1861
F9 3000 0 3014
G0 3020 0 3071
G2 3309 1 3318
G1 3300 8 3319
G3 3400 80 3570
G4 3409 81 3890
G5 4000 20 4049
G6 4000 29 4064
G7 4200 0 4241
G8 4330 0 4343
G9 4400 0 4423
H1 4444 18 4481
H3 4492 39 4551
H0 4442 69 4567
H2 4489 48 4571
H5 4801 49 4873
H7 4900 43 4957
H9 4928 29 4966
H8 4912 54 4977
H4 4800 117 4991
H6 4819 122 5012
I0 5000 2 5082
I1 5080 12 5113
I2 5099 4 5120
I5 5140 50 5203
I3 5140 53 5217
I4 5140 57 5221
I8 5201 50 5263
I7 5200 83 5315
I6 5140 165 5395
I9 5245 90 5455
J1 8009 21 8056
J0 8000 26 8066
J2 8100 0 8113
J3 8139 0 8204
J4 8250 0 8260
J5 8260 0 8282
J6 8300 0 8314
J7 8420 0 8510
J8 8880 0 8955
J9 8999 0 9209
