A0 6 0 21
A2 9 12 33
A4 30 3 44
A3 12 32 59
A1 9 50 99
A9 90 9 104
A8 75 29 122
A6 70 52 145
A7 75 70 168
B2 155 13 180
B1 155 25 230
B4 230 0 263
B7 258 5 271
B5 240 31 282
B6 240 42 297
B3 220 77 342
C0 308 34 347
C1 325 22 355
C2 342 13 389
C3 359 30 424
C5 392 32 435
C6 409 26 447
C7 426 21 462
D0 460 2 511
D1 493 18 526
D2 510 16 572
D5 561 11 582
D4 544 38 605
D3 527 78 653
D9 628 25 664
D8 611 53 684
D7 611 73 740
C4 376 364 800
C9 460 340 864
B0 150 714 944
E2 900 44 951
E4 900 51 958
E8 950 8 969
F1 962 7 973
E3 900 73 991
F5 990 1 1003
F7 994 9 1015
F3 980 35 1028
F2 977 51 1042
F6 992 50 1069
F4 989 80 1101
E1 890 211 1123
F0 960 163 1147
E9 955 192 1184
E5 920 264 1224
E6 933 291 1283
F8 999 284 1343
A5 45 1298 1413
E0 887 526 1444
E7 933 511 1484
D6 577 907 1564
C8 443 1121 1651
B8 275 1376 1741
B9 291 1450 1861
F9 3000 0 3014
G0 3020 0 3071
G1 3300 0 3311
G2 3309 2 3319
G3 3400 0 3490
G4 3409 81 3890
G5 4000 0 4029
G6 4000 29 4064
G7 4200 0 4241
G8 4330 0 4343
G9 4400 0 4423
H0 4442 0 4498
H1 4444 54 4517
H3 4492 25 4537
H2 4489 48 4571
H4 4800 0 4874
H5 4801 73 4897
H6 4819 78 4968
H9 4928 40 4977
H8 4912 65 4988
H7 4900 88 5002
I0 5000 2 5082
I1 5080 2 5103
I2 5099 4 5120
I5 5140 0 5153
I4 5140 13 5177
I3 5140 37 5201
I8 5201 0 5213
I7 5200 13 5245
I6 5140 105 5335
I9 5245 90 5455
J0 8000 0 8040
J1 8009 31 8066
J2 8100 0 8113
J3 8139 0 8204
J4 8250 0 8260
J5 8260 0 8282
J6 8300 0 8314
J7 8420 0 8510
J8 8880 0 8955
J9 8999 0 9209
